1 35
2 35
3 35
4 35
5 35
6 35
7 35
8 35
9 35
10 35
11 35
12 35
13 35
14 35
15 35
16 35
17 35
18 35
19 35
20 35
21 47
22 47
23 50
24 53
25 56
26 59
27 59
28 59
29 59
30 59
31 59
32 59
33 62
34 42
35 42
36 45
37 44
38 44
39 44
40 40
41 43
42 46
43 46
44 52
45 52
46 52
47 52
48 55
49 55
50 53
51 53
52 53
53 59
54 57
55 56
56 59
57 55
58 54
59 54
60 54
61 57
62 57
63 60
64 66
65 68
66 65
67 60
68 66
69 64
70 63
71 66
72 69
73 69
74 71
75 69
76 75
77 71
78 73
79 74
80 74
81 72
82 72
83 74
84 80
85 82
86 82
87 78
88 81
89 81
90 81
91 77
92 76
93 75
94 71
95 74
96 78
97 71
98 70
99 73
100 76
101 71
102 70
103 73
104 70
105 71
106 71
107 67
108 70
109 80
110 83
111 81
112 80
113 80
114 83
115 89
116 95
117 91
118 89
119 84
120 87
121 86
122 81
123 81
124 81
125 81
126 81
127 81
128 79
129 83
130 92
131 98
132 98
133 99
134 100
135 103
136 107
137 113
138 110
139 114
140 120
141 123
142 118
143 115
144 111
145 104
146 104
147 104
148 100
149 93
150 99
151 110
152 125
153 124
154 123
155 135
156 138
157 144
158 144
159 150
160 156
161 159
162 166
163 160
164 158
165 151
166 153
167 150
168 150
169 151
170 145
171 162
172 183
173 183
174 183
175 192
176 198
177 207
178 207
179 222
180 228
181 234
182 246
183 244
184 244
185 228
186 231
187 233
188 223
189 237
190 232
191 244
192 297
193 300
194 304
195 312
196 317
197 323
198 332
199 367
200 379
201 387
202 411
203 414
204 415
205 394
206 395
207 395
208 382
209 392
210 391
211 412
212 490
213 496
214 498
215 512
216 524
217 532
218 538
219 582
220 608
221 627
222 648
223 660
224 690
225 642
226 646
227 645
228 624
229 630
230 640
231 667
232 744
233 762
234 777
235 801
236 825
237 840
238 850
239 916
240 955
241 988
242 1020
243 1038
244 1087
245 1011
246 1012
247 1008
248 981
249 979
250 988
251 1028
252 1177
253 1200
254 1212
255 1242
256 1269
257 1260
258 1273
259 1366
260 1425
261 1476
262 1555
263 1570
264 1632
265 1527
266 1531
267 1522
268 1470
269 1461
270 1458
271 1527
272 1776
273 1800
274 1821
275 1896
276 1935
277 1920
278 1936
279 2064
280 2154
281 2253
282 2382
283 2409
284 2478
285 2295
286 2292
287 2283
288 2217
289 2211
290 2229
291 2361
292 2718
293 2754
294 2799
295 2907
296 2976
297 2949
298 2985
299 3147
300 3297
301 3426
302 3606
303 3651
304 3736
305 3462
306 3462
307 3441
308 3333
309 3318
310 3336
311 3532
312 4101
313 4131
314 4170
315 4305
316 4413
317 4446
318 4509
319 4755
320 5010
321 5201
322 5448
323 5520
324 5610
325 5211
326 5190
327 5151
328 4974
329 4941
330 4977
331 5256
332 6165
333 6192
334 6234
335 6465
336 6609
337 6696
338 6783
339 7170
340 7581
341 7842
342 8259
343 8394
344 8580
345 7953
346 7965
347 7914
348 7668
349 7629
350 7635
351 8055
352 9462
353 9462
354 9528
355 9876
356 10053
357 10248
358 10404
359 10956
360 11586
361 11994
362 12606
363 12795
364 13071
365 12102
366 12111
367 12051
368 11685
369 11637
370 11631
371 12213
372 14202
373 14184
374 14268
375 14676
376 14919
377 15162
378 15420
379 16263
380 17283
381 17874
382 18756
383 19038
384 19497
385 17988
386 17985
387 17883
388 17358
389 17277
390 17253
391 18159
392 21225
393 21228
394 21303
395 21945
396 22359
397 22740
398 23142
399 24345
400 25827
401 26721
402 28116
403 28515
404 29304
405 27138
406 27165
407 27051
408 26334
409 26232
410 26196
411 27564
412 32265
413 32142
414 32298
415 33291
